15
92 90 6 33
62 11
38 0
53 20
72 80
85 26
53 38
41 39
18 74
79 12
48 85
4 70
54 25
57 87
46 89
71 44
26 49
3 71
19 8
68 49
74 43
82 47
28 57
45 77
51 17
60 27
66 42
38 68
47 34
39 58
43 5
29 54
81 40
76 4
89 83 8 38
75 57
73 2
18 25
17 43
18 45
35 63
71 81
87 27
71 64
86 16
37 23
19 76
76 7
25 73
76 50
45 82
73 32
17 34
7 41
7 5
39 12
23 75
69 67
24 12
81 34
9 60
4 70
85 75
17 23
39 46
68 78
20 51
65 45
2 21
25 8
0 65
15 58
41 45
81 89 8 33
21 83
71 74
38 78
60 6
49 79
74 3
69 52
45 7
16 44
56 28
6 75
63 61
55 63
50 34
13 38
40 42
39 40
37 49
21 13
21 11
70 29
57 76
76 77
38 65
14 29
49 54
47 45
26 1
69 46
17 88
0 70
79 63
2 38
83 93 10 34
65 60
29 38
23 5
41 20
18 21
81 66
21 67
25 50
18 75
72 92
76 68
43 34
65 41
65 49
30 39
40 65
62 76
46 18
67 31
13 65
19 44
65 1
7 44
11 22
71 39
59 91
33 31
41 28
3 66
50 41
36 19
7 83
3 24
77 20
94 98 11 37
40 3
78 79
15 55
57 21
41 57
0 22
7 11
4 29
75 43
88 66
71 32
92 82
87 28
17 0
37 72
71 85
49 42
46 0
30 6
71 33
67 61
0 84
34 39
15 57
85 45
37 5
3 43
10 69
45 41
59 19
23 42
82 58
4 58
77 93
8 1
36 36
36 61
93 92 9 30
16 32
49 84
51 73
64 57
27 88
69 33
21 12
84 88
38 14
32 81
63 55
58 62
66 78
71 42
62 68
90 6
61 37
70 13
64 35
32 65
18 38
79 51
82 38
66 42
16 63
61 82
42 62
65 34
4 1
75 42
80 91 10 40
18 83
24 38
53 53
41 50
77 75
34 49
12 1
56 75
28 36
40 9
62 35
62 20
73 13
67 82
63 28
44 4
22 23
42 26
3 15
70 24
58 88
2 71
29 81
57 44
48 52
23 29
0 72
1 22
9 0
51 66
66 76
52 90
13 15
68 75
29 66
66 39
40 8
35 38
65 90
66 81
93 88 7 35
68 14
91 15
35 45
39 10
57 65
6 80
6 45
65 12
11 76
71 27
12 21
60 60
74 70
71 39
53 45
25 87
75 22
15 34
53 84
69 57
33 14
78 64
13 66
40 38
51 19
11 41
71 24
92 12
54 52
24 33
91 79
4 42
17 18
41 26
61 30
94 95 4 38
3 63
60 33
9 74
69 7
47 41
78 41
15 55
26 34
70 53
49 94
78 37
16 43
23 93
19 70
64 36
93 74
38 35
50 22
82 11
39 45
43 1
92 4
16 52
43 67
6 66
1 35
40 81
59 36
48 84
29 2
89 52
83 39
92 52
88 91
78 4
30 29
66 45
82 49
99 91 3 31
80 65
36 74
56 80
30 15
74 13
76 50
36 75
31 37
25 2
93 14
36 68
14 12
52 49
54 80
98 17
29 19
83 10
39 49
30 76
62 52
21 48
9 13
1 1
95 33
20 52
58 76
52 72
31 10
59 71
92 29
43 65
96 81 6 34
14 0
57 12
93 44
59 39
90 78
64 47
79 74
42 42
67 36
10 38
19 25
89 70
66 64
53 65
61 17
27 60
40 64
43 5
60 40
68 0
61 68
15 2
39 37
34 68
63 14
6 8
21 36
39 65
51 22
27 47
10 36
50 39
17 70
21 58
93 82 7 38
74 72
55 29
27 73
4 52
30 37
9 31
78 31
81 64
80 55
69 15
42 58
37 47
83 39
12 14
40 19
87 81
38 61
24 42
64 51
45 72
79 9
51 35
69 9
79 72
36 15
46 67
50 51
34 22
74 28
75 66
48 81
72 64
27 39
12 68
90 5
24 51
55 7
9 55
81 83 8 32
12 53
21 32
19 13
29 3
22 26
0 33
59 37
29 40
41 73
62 38
44 56
51 68
54 10
0 55
20 16
53 10
22 70
49 72
2 37
68 60
17 21
23 70
79 71
71 5
61 61
11 76
24 42
75 77
72 25
77 66
63 23
39 68
96 84 9 30
69 22
30 67
31 67
11 41
85 24
87 27
30 82
9 34
19 23
27 46
89 28
41 64
50 16
8 55
43 24
65 73
19 18
60 65
32 6
6 55
44 56
11 78
13 80
48 58
77 55
23 10
75 19
85 23
57 46
24 37
100 90 3 39
5 79
36 66
10 13
12 9
13 60
98 0
19 1
53 59
12 71
81 38
63 32
32 5
18 85
14 88
94 67
87 59
9 51
64 34
91 71
26 33
87 4
17 80
13 13
75 13
98 68
19 57
67 18
95 56
48 6
22 4
17 31
75 70
39 28
8 82
13 74
51 29
5 5
60 6
46 72
