10
907 21
0 49 81 7 5
1 43 98 5 9
2 49 59 5 9
3 21 76 10 6
4 18 72 10 6
5 41 68 10 10
6 23 73 9 6
7 14 94 10 5
8 12 96 8 5
9 19 73 5 10
10 20 66 10 7
11 16 78 10 7
12 39 66 10 7
13 24 90 6 6
14 43 99 9 8
15 12 76 10 6
16 27 92 8 10
17 20 78 10 8
18 23 72 7 10
19 45 54 10 10
20 21 74 8 10
637 16
0 38 65 5 7
1 28 95 9 9
2 22 70 6 10
3 48 77 10 7
4 20 86 10 7
5 21 55 6 5
6 13 89 6 5
7 28 57 9 6
8 39 80 5 10
9 42 85 5 8
10 11 82 8 7
11 28 61 5 8
12 50 99 10 10
13 10 74 9 7
14 25 53 8 10
15 46 63 6 10
763 50
0 11 79 5 7
1 38 70 6 10
2 46 81 6 7
3 33 100 7 5
4 47 60 6 8
5 33 82 9 6
6 17 54 6 9
7 40 95 9 7
8 47 94 6 8
9 23 71 9 7
10 47 93 8 5
11 34 71 8 6
12 37 84 10 9
13 20 97 10 6
14 43 69 6 8
15 38 80 7 7
16 30 79 10 5
17 24 98 6 9
18 35 99 6 8
19 41 51 5 8
20 18 74 8 10
21 41 58 5 10
22 22 67 7 7
23 19 69 9 10
24 15 100 10 8
25 20 74 8 5
26 23 62 9 8
27 17 53 10 9
28 44 81 5 5
29 39 58 6 6
30 23 89 10 9
31 20 94 5 10
32 30 99 9 7
33 12 90 7 8
34 15 76 5 9
35 10 74 5 6
36 29 69 9 9
37 36 81 5 6
38 20 56 7 7
39 24 93 10 7
40 24 78 6 7
41 42 84 5 10
42 33 61 8 9
43 40 51 9 9
44 50 72 10 5
45 47 75 10 6
46 45 82 10 8
47 41 90 8 7
48 50 86 7 6
49 14 51 6 10
686 18
0 43 52 5 7
1 35 99 9 10
2 28 56 7 8
3 43 52 5 6
4 22 80 8 5
5 35 94 10 6
6 23 59 10 5
7 15 76 7 5
8 37 59 10 5
9 22 96 7 5
10 47 73 10 7
11 41 54 6 10
12 24 90 7 6
13 11 80 8 9
14 50 60 9 10
15 50 50 8 10
16 28 76 10 8
17 44 70 6 5
781 24
0 48 78 10 6
1 21 94 10 9
2 13 67 8 7
3 10 52 9 9
4 43 66 10 10
5 40 79 7 9
6 31 92 10 10
7 32 71 5 5
8 25 73 7 7
9 43 92 6 8
10 39 69 7 10
11 39 78 5 5
12 48 86 10 10
13 12 96 5 5
14 40 90 7 7
15 44 70 8 7
16 42 70 6 6
17 38 56 6 10
18 34 56 7 8
19 14 97 9 9
20 41 76 5 7
21 46 82 9 7
22 31 56 7 8
23 20 52 8 7
992 44
0 44 61 9 8
1 23 92 6 9
2 29 96 6 8
3 18 83 10 9
4 38 56 10 8
5 25 70 8 6
6 18 96 8 7
7 23 75 10 10
8 37 52 5 9
9 10 83 5 10
10 11 66 10 6
11 18 70 6 6
12 43 51 5 7
13 10 69 5 8
14 34 53 8 9
15 33 64 9 5
16 26 88 7 10
17 26 84 10 8
18 37 76 9 5
19 38 59 7 9
20 36 69 10 5
21 34 79 6 7
22 25 85 8 10
23 26 82 9 7
24 17 86 9 6
25 34 74 7 5
26 22 89 6 10
27 19 95 6 8
28 36 74 8 8
29 11 62 10 9
30 10 97 10 8
31 48 86 9 8
32 38 84 6 10
33 49 94 6 10
34 15 88 10 10
35 13 94 10 7
36 28 75 8 10
37 14 53 10 8
38 30 51 9 5
39 22 59 10 10
40 43 98 7 6
41 28 66 8 9
42 21 72 5 6
43 21 60 5 7
953 36
0 17 71 7 5
1 17 93 7 6
2 20 98 9 9
3 45 51 6 6
4 12 84 7 6
5 37 70 7 6
6 41 98 5 9
7 40 68 6 10
8 14 69 6 6
9 50 82 5 10
10 23 88 8 6
11 40 89 9 8
12 46 95 6 7
13 20 68 7 5
14 50 93 6 7
15 20 70 10 7
16 38 69 7 5
17 14 75 8 9
18 17 56 10 7
19 49 93 10 6
20 43 69 8 8
21 20 83 8 9
22 12 91 5 9
23 25 63 5 5
24 45 89 5 8
25 17 86 7 6
26 23 70 10 6
27 29 97 6 8
28 14 88 5 10
29 30 54 5 10
30 10 56 5 9
31 17 54 9 6
32 23 88 6 7
33 14 72 9 9
34 42 65 9 9
35 35 80 9 7
860 43
0 39 92 10 6
1 27 92 10 9
2 16 53 10 10
3 31 73 7 8
4 34 64 5 5
5 14 58 7 8
6 49 83 5 7
7 43 88 8 6
8 29 54 9 9
9 10 89 6 7
10 23 86 9 8
11 32 91 8 7
12 22 69 8 10
13 28 59 5 5
14 29 66 8 6
15 29 50 5 9
16 19 64 9 9
17 18 70 7 8
18 44 82 9 7
19 29 99 6 7
20 24 89 5 5
21 13 67 7 6
22 50 97 9 9
23 42 71 5 8
24 38 55 8 10
25 32 78 5 6
26 40 51 7 7
27 47 90 7 7
28 38 68 5 10
29 27 51 7 8
30 38 91 10 7
31 12 63 6 6
32 39 56 10 9
33 14 98 9 10
34 27 60 5 9
35 41 63 8 9
36 14 51 8 7
37 11 94 10 7
38 42 85 8 9
39 13 92 6 5
40 33 58 9 6
41 10 51 8 7
42 10 90 7 6
855 27
0 43 86 7 8
1 48 94 5 8
2 32 80 6 9
3 37 76 7 5
4 22 95 7 8
5 45 84 8 6
6 38 90 6 9
7 37 59 9 5
8 36 65 7 5
9 35 100 9 8
10 14 91 8 8
11 31 80 6 8
12 14 81 6 10
13 17 59 6 7
14 16 93 5 6
15 15 84 7 8
16 12 90 7 7
17 32 57 7 10
18 23 97 5 7
19 38 62 10 6
20 22 75 7 10
21 28 96 9 5
22 20 95 10 7
23 30 80 9 5
24 45 67 9 8
25 12 54 5 10
26 18 61 10 7
799 23
0 37 60 9 7
1 40 54 10 10
2 16 58 6 5
3 27 73 6 6
4 17 52 9 10
5 42 77 8 7
6 47 64 9 8
7 32 95 10 10
8 31 96 9 9
9 40 84 7 7
10 48 65 10 7
11 47 91 7 10
12 47 89 10 9
13 26 69 7 8
14 41 65 5 9
15 13 90 5 8
16 44 87 10 9
17 21 78 10 5
18 34 55 6 9
19 32 59 8 5
20 18 70 5 7
21 22 76 8 6
22 30 75 8 5
